img_pred = [[names[int(cls)], float(conf), [float(max(x1,0.)), float(max(y1,0.)), float(min(x2,im0_sz[im_i][1])), float(min(y2,im0_sz[im_i][0]))]] for                             x1, y1, x2, y2, conf, cls in pred]
results [[['car_red_4', 0.8844995498657227, [2479.0, 1108.0, 2617.0, 1228.0]], ['car_blue_1', 0.8534493446350098, [314.0, 1277.0, 638.0, 1538.0]], ['car_blue_4', 0.7697553634643555, [2475.0, 1351.0, 2663.0, 1528.0]], ['car_red_1', 0.7568197250366211, [1734.0, 967.0, 1926.0, 1116.0]], 
['car_blue_2', 0.7496302127838135, [1220.0, 1216.0, 1477.0, 1447.0]]], [['car_blue_1', 0.8347921371459961, [1922.0, 1243.0, 2228.0, 1491.0]], ['base', 0.8268356323242188, [2327.0, 780.0, 2518.0, 946.0]], ['car_blue_2', 0.7281982898712158, [2782.0, 1174.0, 3027.0, 1401.0]], ['carunknown', 0.6731572151184082, [3001.0, 1290.0, 3088.0, 1425.0]], ['car_red_5', 0.6133580207824707, [1090.0, 1213.0, 1256.0, 1346.0]]]] 
[[array([[2.5390000e+03, 1.1860000e+03, 2.5370000e+03, 1.1970000e+03,
        2.5650000e+03, 1.2000000e+03, 2.5660000e+03, 1.1890000e+03,
        9.5004147e-01, 1.1000000e+01, 0.0000000e+00, 2.5370000e+03,
        1.1860000e+03, 2.9000000e+01, 1.4000000e+01],
       [5.1800000e+02, 1.4740000e+03, 5.2000000e+02, 1.4940000e+03,
        5.8600000e+02, 1.4800000e+03, 5.8200000e+02, 1.4590000e+03,
        9.6885622e-01, 1.0000000e+00, 1.0000000e+00, 5.1800000e+02,
        1.4590000e+03, 6.8000000e+01, 3.5000000e+01],
       [3.8400000e+02, 1.4390000e+03, 3.7800000e+02, 1.4600000e+03,
        4.3400000e+02, 1.4760000e+03, 4.4000000e+02, 1.4540000e+03,
        9.4271809e-01, 1.0000000e+00, 1.0000000e+00, 3.7800000e+02,
        1.4390000e+03, 6.2000000e+01, 3.7000000e+01],
       [2.5360000e+03, 1.4670000e+03, 2.5340000e+03, 1.4830000e+03,
        2.5700000e+03, 1.4890000e+03, 2.5720000e+03, 1.4720000e+03,
        9.7788346e-01, 4.0000000e+00, 2.0000000e+00, 2.5340000e+03,
        1.4670000e+03, 3.8000000e+01, 2.2000000e+01],
       [1.8510000e+03, 1.0780000e+03, 1.8510000e+03, 1.0900000e+03,
        1.8960000e+03, 1.0900000e+03, 1.8960000e+03, 1.0770000e+03,
        9.1243619e-01, 8.0000000e+00, 3.0000000e+00, 1.8510000e+03,
        1.0770000e+03, 4.5000000e+01, 1.3000000e+01],
       [1.2870000e+03, 1.3640000e+03, 1.2850000e+03, 1.3800000e+03,
        1.3150000e+03, 1.3860000e+03, 1.3170000e+03, 1.3700000e+03,
        9.6432143e-01, 2.0000000e+00, 4.0000000e+00, 1.2850000e+03,
        1.3640000e+03, 3.2000000e+01, 2.2000000e+01],
       [1.3930000e+03, 1.3810000e+03, 1.3950000e+03, 1.3980000e+03,
        1.4190000e+03, 1.3930000e+03, 1.4160000e+03, 1.3770000e+03,
        9.2386752e-01, 2.0000000e+00, 4.0000000e+00, 1.3930000e+03,
        1.3770000e+03, 2.6000000e+01, 2.1000000e+01]], dtype=float32), array([[2479., 1108., 2617., 1228.],
       [ 314., 1277.,  638., 1538.],
       [2475., 1351., 2663., 1528.],
       [1734.,  967., 1926., 1116.],
       [1220., 1216., 1477., 1447.]], dtype=float32)], 
       [array([[2.1200000e+03, 1.4340000e+03, 2.1240000e+03, 1.4530000e+03,
        2.1860000e+03, 1.4390000e+03, 2.1830000e+03, 1.4180000e+03,
        9.6124375e-01, 1.0000000e+00, 0.0000000e+00, 2.1200000e+03,
        1.4180000e+03, 6.6000000e+01, 3.5000000e+01],
       [1.9870000e+03, 1.4020000e+03, 1.9830000e+03, 1.4220000e+03,
        2.0380000e+03, 1.4370000e+03, 2.0440000e+03, 1.4150000e+03,
        9.4872761e-01, 1.0000000e+00, 0.0000000e+00, 1.9830000e+03,
        1.4020000e+03, 6.1000000e+01, 3.5000000e+01],
       [2.8480000e+03, 1.3180000e+03, 2.8450000e+03, 1.3330000e+03,
        2.8740000e+03, 1.3390000e+03, 2.8760000e+03, 1.3240000e+03,
        9.5976204e-01, 2.0000000e+00, 1.0000000e+00, 2.8450000e+03,
        1.3180000e+03, 3.1000000e+01, 2.1000000e+01],
       [2.9490000e+03, 1.3350000e+03, 2.9520000e+03, 1.3500000e+03,
        2.9730000e+03, 1.3450000e+03, 2.9700000e+03, 1.3300000e+03,
        9.4334757e-01, 2.0000000e+00, 1.0000000e+00, 2.9490000e+03,
        1.3300000e+03, 2.4000000e+01, 2.0000000e+01],
       [1.1520000e+03, 1.2980000e+03, 1.1510000e+03, 1.3120000e+03,
        1.1820000e+03, 1.3160000e+03, 1.1830000e+03, 1.3020000e+03,
        9.1580892e-01, 1.2000000e+01, 3.0000000e+00, 1.1510000e+03,
        1.2980000e+03, 3.2000000e+01, 1.8000000e+01]], dtype=float32), 
        array([[1922., 1243., 2228., 1491.],
       [2782., 1174., 3027., 1401.],
       [3001., 1290., 3089., 1425.],
       [1090., 1213., 1256., 1346.]], dtype=float32)]]

[array([[        442,         483,         442,         535,         486,
         535,         486,         483,     0.86181,           4,
        0,         442,         483,          44,          52],
       [        345,         487,         345,         532,         389,
                532,         389,         487,     0.81713,           4,
                   0,         345,         487,          44,          45],
       [        889,         762,         889,         819,         933,         819,         933,         762,     0.86633,          11,           1,         889,         762,          44,          57],
       [        793,         752,         793,         812,         830,         812,         830,         752,     0.76916,          11,           1,         793,         752,          37,          60]], dtype=float32), 
       array([[        298,         389,         523,         567],
       [        747,         566,         997,         836]], dtype=float32), 
       array([[        442,         483,         442,         535,         486,         535,         486,         483,     0.86181,           4,           0,         442,         483,          44,          52],
       [        345,         487,         345,         532,         389,         532,         389,         487,     0.81713,           4,           0,         345,         487,          44,          45],
       [        889,         762,         889,         819,         933,         819,         933,         762,     0.86633,          11,           1,         889,         762,          44,          57],
       [        793,         752,         793,         812,         830,         812,         830,         752,     0.76916,          11,           1,         793,         752,          37,          60]], dtype=float32), 
       array([[        298,         389,         523,         567],
       [        747,         566,         997,         836]], dtype=float32)]

location [[None, None], [None, None]]
results [[], []]

results [[['car_blue_5', 0.7679164409637451, [2337.0, 1398.0, 2544.0, 1585.0]]], [['base', 0.7352871894836426, [2331.0, 784.0, 2513.0, 942.0]]]]
results [[['car_blue_5', 0.7720363140106201, [2287.0, 1357.0, 2490.0, 1547.0]], ['car_blue_0', 0.5112066268920898, [2175.0, 1461.0, 2411.0, 1667.0]]], [['base', 0.807685375213623, [2332.0, 784.0, 2517.0, 945.0]]]]
results [[['car_blue_5', 0.7678041458129883, [2213.0, 1329.0, 2411.0, 1512.0]], ['car_blue_5', 0.7597436904907227, [2206.0, 1443.0, 2459.0, 1690.0]]], [['base', 0.8048567771911621, [2333.0, 785.0, 2514.0, 944.0]]]]
results [[['car_blue_5', 0.8066196441650391, [2130.0, 1320.0, 2335.0, 1480.0]]], [['base', 0.816535472869873, [2330.0, 784.0, 2514.0, 945.0]]]]
results [[['car_blue_2', 0.852475643157959, [2308.0, 1417.0, 2556.0, 1667.0]]], [['base', 0.8305673599243164, [2330.0, 782.0, 2517.0, 944.0]]]]
results [[['car', 0.8508739471435547, [2333.0, 1397.0, 2583.0, 1647.0]]], [['base', 0.6384992599487305, [2332.0, 782.0, 2510.0, 941.0]]]]
results [[['car_blue_2', 0.8359227180480957, [2330.0, 1371.0, 2590.0, 1617.0]]], []]

car [['car', 0.8125970363616943, array([        533,        1275,         840,        1549])], ['car', 0.8366236686706543, array([       2136,         620,        2341,         801])], ['car', 0.8452613949775696, array([       1929,         494,        2214,         729])], ['car', 0.8648418188095093, array([        607,         706,         914,         938])], ['car', 0.8831415176391602, array([       2470,         549,        2707,         775])]]

location [[array([[1.4380000e+03, 1.2810000e+03, 1.4370000e+03, 1.2950000e+03,
        1.4690000e+03, 1.2980000e+03, 1.4700000e+03, 1.2840000e+03,
        9.4815457e-01, 5.0000000e+00, 1.0000000e+00, 1.4370000e+03,
        1.2810000e+03, 3.3000000e+01, 1.7000000e+01]], dtype=float32), array([[ 627., 1260.,  845., 1434.],
       [1386., 1180., 1541., 1340.]], dtype=float32)], 

       [6.5000000e+02, 1.4240000e+03, 6.4700000e+02, 1.4410000e+03,
        6.8000000e+02, 1.4530000e+03, 6.8200000e+02, 1.4350000e+03,
        9.0329421e-01, 1.0000000e+00, 0.0000000e+00, 6.4700000e+02,
        1.4240000e+03, 3.5000000e+01, 2.9000000e+01]], dtype=float32), array([[ 616., 1324.,  853., 1510.]], dtype=float32)]]
[None, [[[119.0, 159.0, 119.0, 252.0, 254.0, 
252.0, 254.0, 159.0, 0.4593524634838104, 9.0, 
1, 119.0, 159.0, 135.0, 93.0]]], 
[[[40.0, 91.0, 40.0, 136.0, 86.0, 
136.0, 86.0, 91.0, 0.7798593640327454, 4.0, 
2, 40.0, 91.0, 46.0, 45.0]]], [[[
56.0, 138.0, 56.0, 179.0, 104.0, 
179.0, 104.0, 138.0, 0.8859478235244751, 3.0, 
3, 56.0, 138.0, 48.0, 41.0]]], [[[
149.0, 116.0, 149.0, 193.0, 258.0, 
193.0, 258.0, 116.0, 0.596278965473175, 10.0, 
4, 149.0, 116.0, 109.0, 77.0], [
19.0, 121.0, 19.0, 202.0, 96.0, 
202.0, 96.0, 121.0, 0.2865513265132904, 12.0, 
4, 19.0, 121.0, 77.0, 81.0]]], [[[
30.0, 128.0, 30.0, 179.0, 70.0, 
179.0, 70.0, 128.0, 0.7844782471656799, 13.0, 
5, 30.0, 128.0, 40.0, 51.0], [
109.0, 147.0, 109.0, 191.0, 148.0, 
191.0, 148.0, 147.0, 0.6828936338424683, 13.0, 
5, 109.0, 147.0, 39.0, 44.0]]], [[
        2470.0, 549.0, 2707.0, 775.0], 
        [607.0, 706.0, 914.0, 938.0], 
        [1929.0, 494.0, 2214.0, 729.0], 
        [2136.0, 620.0, 2341.0, 801.0], 
        [2370.0, 979.0, 2650.0, 1313.0], 
        [533.0, 1275.0, 840.0, 1549.0]]]

[[array([       2579,         696,        2579,         740,        2618,
         740,        2618,         696,     0.68289,          13,
       0,      2598.5,         718,          39,          44])], 
       (2470, 549, 2707, 775), 
[array([       2500,         677,        2500,         728,        2540,         728,        2540,         677,     0.78448,          13,           0,        2520,       702.5,          40,          51])], (2470, 549, 2707, 775)]

[7.55000e+02, 8.28000e+02, 8.56000e+02, 8.88000e+02, 8.48992e-01, 1.00000e+01],
[6.35000e+02, 8.41000e+02, 6.95000e+02, 9.05000e+02, 7.78650e-01, 1.00000e+01],
[2.48000e+03, 1.14600e+03, 2.64100e+03, 1.22400e+03, 5.91163e-01, 9.00000e+00],
[2.57700e+03, 6.96000e+02, 2.61300e+03, 7.32000e+02, 5.87325e-01, 1.30000e+01],
[7.14000e+02, 1.44900e+03, 7.70000e+02, 1.49700e+03, 4.68353e-01, 1.20000e+01],
[2.49800e+03, 6.79000e+02, 2.53300e+03, 7.21000e+02, 3.76346e-01, 1.30000e+01],
[2.17800e+03, 7.11000e+02, 2.21400e+03, 7.51000e+02, 3.35970e-01, 2.00000e+00],
[2.26900e+03, 7.21000e+02, 2.30600e+03, 7.62000e+02, 2.89691e-01, 2.00000e+00]]

2178, 711, 2214, 751)
2498, 679, 2533, 721)
714, 1449, 770, 1497)
2577, 696, 2613, 732)
2480, 1146, 2641, 1224)
635, 841, 695, 905)
755, 828, 856, 888)

results [[['car_blue_2', 0.852475643157959, [2308.0, 1417.0, 2556.0, 1667.0]]], [['base', 0.8305673599243164, [2330.0, 782.0, 2517.0, 944.0]]]]
location [[array([[       2400,        1608,        2398,        1629,        2441,        1633,        2442,        1613,     0.96909,           2,           0,        2398,        1608,          44,          25]], dtype=float32), 
array([[       2308,        1417,        2556,        1667]], dtype=float32)], 
[None, array([], shape=(0, 4), dtype=float32)]]

results [[['car', 0.8508739471435547, [2333.0, 1397.0, 2583.0, 1647.0]]], [['base', 0.6384992599487305, [2332.0, 782.0, 2510.0, 941.0]]]]
location [[None, array([[       2333,        1397,        2583,        1647]], dtype=float32)], [None, array([], shape=(0, 4), dtype=float32)]]